rosplan_demo_waypoints:
    waypoint_frameid: map
    home: [0.1301599863674744, -0.7779556933778619, 0.0008173608204534045]
    wp1: [0.0, 0.0, -0.0]
    wp2: [-2.0, 2.0, 0.0]
    wpA: [1.577862808079592, 4.196388813698635, 0.0007807245930552688]
    wpB: [2.819662046398311, 8.128932904487964, -2.131149243951363e-05]
    wpfar_A: [1.2548904518002333, -0.2240557180429632, 0.0004681501391059495]
rosplan_waypoints_goal_tolerance:
    home: [0.01, 3.62]
    wp1: [0.01, 3.62]
    wp2: [0.01, 3.62]
    wpA: [0.01, 3.62]
    wpB: [0.01, 3.62]
    wpfar_A: [0.01, 3.62]
