rosplan_waypuntos:
    waypoint_frameid: map
    home: [0.22996230442059445, 4.847318911974817, 0.0005454411783606949]
    wp1: [0.0, 0.0, -0.0]
    wp2: [-2.0, 2.0, 0.0]
    wpA: [1.577862808079592, 4.196388813698635, 0.0007807245930552688]
    wpB: [2.819662046398311, 8.128932904487964, -2.131149243951363e-05]
rosplan_waypoints_goal_tolerance:
    home: [0.01, 3.62]
    wp1: [0.01, 3.62]
    wp2: [0.01, 3.62]
    wpA: [0.01, 3.62]
    wpB: [0.01, 3.62]