rosplan_demo_waypoints:
    waypoint_frameid: map
    home: [0.22996230442059445, 4.847318911974817, 0.0005454411783606949]
    wp1: [0.0, 0.0, -0.0]
    wp2: [-2.0, 2.0, 0.0]
    wpB: [1.577862808079592, 4.196388813698635, 0.0007807245930552688]
    wpC: [2.819662046398311, 8.128932904487964, -2.131149243951363e-05]
    wpD: [-2.9598340701263517, -0.09261221575970308, 0.0009372485937911156]
    wpE: [-0.33107533463608985, 3.939925853171493, -8.871599143509424e-05]
    wpF: [2.4667590709565466, 6.345850873063684, -0.0013900582589445286]
    wpfar_A: [1.2548904518002333, -0.2240557180429632, 0.0004681501391059495]
    wpA: [1.2651523102774367, 6.55414591486785, -0.0007432217940214758]
    wpfar_B: [-0.6212525851788071, 5.391254464984406, 0.00012700844604801587]
rosplan_waypoints_goal_tolerance:
    home: [0.01, 3.62]
    wp1: [0.01, 3.62]
    wp2: [0.01, 3.62]
    wpB: [0.01, 3.62]
    wpC: [0.01, 3.62]
    wpD: [0.01, 3.62]
    wpE: [0.01, 3.62]
    wpF: [0.01, 3.62]
    wpfar_A: [0.01, 3.62]
    wpA: [0.01, 3.62]
    wpfar_B: [0.01, 3.62]
