rosplan_demo_waypoints:
    waypoint_frameid: map
    home: [0.0, 0.0, 0.0]
    wp100: [0.3546223920300436, 5.213991591557423, -0.0005049602791990437]
    wp11: [-0.8169620357065095, 13.646186073542061, -0.0805019963995437]
    wp12: [-8.585317307350069, 1.8280473436834188, -0.08056139858262756]
    wp13: [3.232546876412695, -5.939902017480703, -0.08064072210542472]
rosplan_waypoints_goal_tolerance:
    home: [0.01, 3.62]
    wp100: [0.01, 3.62]
    wp11: [0.01, 3.62]
    wp12: [0.01, 3.62]
    wp13: [0.01, 3.62]
