rosplan_demo_waypoints:
    waypoint_frameid: map
    home: [0.22996230442059445, 4.847318911974817, 0.0005454411783606949]
    wp21: [1.0, 2.0, -0.0]
    wp22: [0.0, 3.0, 0.0]
rosplan_waypoints_goal_tolerance:
    home: [0.01, 3.62]
    wp21: [0.01, 3.62]
    wp22: [0.01, 3.62]
