rosplan_demo_waypoints:
    waypoint_frameid: map
    home: [1.0, -1.0, 0.0]
    wp100: [-0.8246592399497465, -0.5711568575600114, -5.182947835957654e-05]
    wp10: [-0.339523870898937, 0.04159624807297124, 0.41973227077665465]
    wp12: [-2.40906400002054, 1.0620440933314281, -0.0119172762141877]
    wp13: [-2.524709686526507, 1.2322104759377466, -0.0030558995571290937]
rosplan_waypoints_goal_tolerance:
    home: [0.01, 3.62]
    wp100: [0.01, 3.62]
    wp10: [0.01, 3.62]
    wp12: [0.01, 3.62]
    wp13: [0.01, 3.62]
